357
358
358
358
359
359
360
360
360
360
360
361
361
361
362
362
362
363
363
363
364
365
365
367
367
368
368
369
369
370
370
371
372
372
373
373
373
373
374
374
374
374
375
375
376
377
377
378
378
379
379
380
382
382
382
382
382
382
383
383
384
385
385
386
386
387
388
388
389
389
390
391
392
393
393
394
395
395
395
395
396
396
398
398
399
399
399
399
399
401
402
402
403
403
403
404
404
404
405
405
405
406
406
406
406
407
407
408
408
408
409
409
410
411
411
411
412
412
412
412
413
413
414
415
415
415
416
416
417
417
417
418
419
419
420
420
421
422
423
423
423
423
424
424
425
425
425
426
428
429
429
429
431
431
432
432
432
432
433
434
434
435
435
436
436
437
437
437
438
439
439
440
440
441
441
442
443
444
444
444
445
445
445
445
445
448
448
448
449
449
450
450
450
451
453
453
453
453
453
454
454
455
457
458
458
459
459
460
461
462
462
462
462
462
463
464
464
464
465
465
465
468
468
469
470
471
471
472
472
473
473
473
475
475
475
476
476
476
476
476
477
478
478
478
480
480
481
482
482
482
483
484
485
485
486
486
487
488
488
488
489
489
489
490
490
490
490
490
491
492
492
493
493
494
494
495
495
495
496
496
497
498
500
500
500
